Input Sample	B cells naive	B cells memory	Plasma cells	T cells CD8	T cells CD4 naive	T cells CD4 memory resting	T cells CD4 memory activated	T cells follicular helper	T cells regulatory (Tregs)	T cells gamma delta	NK cells resting	NK cells activated	Monocytes	Macrophages M0	Macrophages M1	Macrophages M2	Dendritic cells resting	Dendritic cells activated	Mast cells resting	Mast cells activated	Eosinophils	Neutrophils	P-value	Pearson Correlation	RMSE
TARGET-30-PAITCI-01	0	0.10569304409418524	0.04270278323491308	0.1301691599479317	0	0	0	0.07519448166744692	0	0	0	0.07526839735410779	0.03401319914498271	0.0217141993404384	0	0.3490518948158048	0	0.03738131757601309	0.12881152282417638	0	0	0	0.054	0.18756370067859926	1.0037110295375316
TARGET-30-PAITEG-01	0.0006	0.01770639232225749	0.022972829182504453	0.030998271649859827	0	0.07068871726347553	0.2039708630771181	0.011283338036556477	0	0	0.00473293831581286	0.011881146165352347	0	0.1403346173926585	0	0.40109626543230165	0.015430269983960963	0	0	0.06146062302162903	0	0.006835700598247275	0.022	0.3035051454113462	0.966526615353601
TARGET-30-PAIVHE-01	0.18688611586028078	0	0.062082044661270736	0.12842089319042918	0.04391881343730369	0	0	0.23532301699835187	0.008815890065799822	0	0	0.04959285683929473	0.040049209261250614	0	0.010945810934986639	0.17925394157928584	0	0	0	0.05398650042164839	0.0007	0	0.024	0.2938124000445116	0.9717661241688231
TARGET-30-PALBFW-01	0	0.033780485041652035	0.1365843451901488	0.15053646645243107	0	0.030776910843384596	0	0	0.015303355506591945	0	0	0.025123034901613293	0.04640970607286584	0	0.035291785529170075	0.30481684578943297	0	0	0	0.10305464253751598	0.11832242213519338	0	0.08	0.14090671238543095	1.0268212844600921
TARGET-30-PALCBW-01	0.03478951735536591	0	0.021712340604132702	0.028167860126036434	0	0.1519518718941652	0.01603736694779242	0	0	0	0.03870479560236907	0.01050719596148653	0.02951728918916478	0	0.005168260163857681	0.4528325774831559	0	0	0.18643743718403621	0	0	0.024173487488437104	0.056	0.1873548631007078	1.0079472841015822
TARGET-30-PALETP-01	0.09146537709193021	0.0637670644471267	0.07735387496977444	0.12751449345822258	0.031693288833790405	0	0	0.08260383514957076	0.06568326460999388	0	0	0.06363166319961501	0.01677986648684079	0.08791409399138346	0.015157854240861683	0.22053949996714992	0	0	0.05589582355374015	0	0	0	0.006	0.36492230670073134	0.9320383233350864
TARGET-30-PALIIN-01	0.14041949401303672	0.1687034256194667	0.01178479530020789	0.05700797143858536	0	0.030567781631788898	0	0.1624601169788096	0.06281339961154392	0	0	0.049332213960759826	0	0.12723220944312835	0.011666652912533833	0.17781993895205794	0	0	0.0002	0	0	0	0.004	0.42656173123052443	0.9053519120959851
TARGET-30-PALNVP-01	0	0.039657317495785875	0.04469513420790995	0	0	0.4028034263144731	0	0.033232274467415376	0.022057446152292392	0	0.03374012909853059	0.10593009691706196	0.07381335844157302	0	0	0.07305379033160778	0	0	0	0.12072192222361415	0.050295104349735796	0	0.952	-0.0415	1.1328676429524078
TARGET-30-PALTEG-01	0.07640892780454486	0	0.05032048703993513	0.1534045287931005	0	0.015113886857464506	0	0.1108991160616938	0.10862098804851901	0	0	0.0668828102327288	0.04168992515655982	0.16956455048510216	0.02411859597423247	0.14155203944996803	0.012501115638105346	0	0.028923028458045577	0	0	0	0.04	0.22098573254521856	0.9979019699432428
TARGET-30-PALUYS-01	0.035496931889466926	0	0.10017407325909929	0.08426184852042891	0	0	0	0.06171070525066661	0.03070970255357277	0	0	0.05356139067763028	0	0.20322806038736874	0.09170664114509634	0.33915064631667013	0	0	0	0	0	0	0.018	0.32369871686164364	0.9587062017896929
TARGET-30-PALWVJ-01	0	0.07670574551627926	0.038443208038849486	0.058006715509849115	0	0.07089311166147597	0	0.06899057299734174	0	0	0	0	0.0330769754115762	0.0748791455610718	0	0.3030702542866179	0.011171955426777255	0	0	0.23198709444606322	0.0327752211440982	0	0.062	0.16862461190455727	1.0262666800854676
TARGET-30-PALXTB-01	0.020753276495285237	0	0.03355127066204351	0.10480253644004417	0	0.11409265517686722	0	0	0.031597357400467325	0	0	0.06785721414280013	0.07227406241496333	0	0.03790068841019298	0.3233963285449641	0.10825056484526163	0	0	0.06987529058799873	0.015648754879111697	0	0.082	0.1389612955306733	1.0282556255387265
TARGET-30-PAMYCE-01	0.0701001466227451	0	0.1635834084497794	0.04978457700855352	0	0.16808979837558918	0	0.03599734099561275	0.08166552768898863	0	0	0.11294790039397397	0.0001	0	0.1136615796693014	0.17305167112822573	0	0	0.03103857973360202	0	0	0	0.02	0.3063942429488032	0.9665636447457161
TARGET-30-PANBJH-01	0	0.16869710569739035	0.12339118189033645	0	0.12211239002488164	0	0	0.03458860369116181	0	0	0.04101246521431518	0.05892923297818453	0.049427253750318235	0	0	0.3038286474789217	0	0.09703300524331117	0	0.001	0	0	1.0	-0.0772	1.1203432969857725
TARGET-30-PANBSP-01	0	0.09019900875173699	0.06152245442197343	0	0	0.4281116467792254	0	0.05789209284162636	0	0	0	0	0	0.34609426489971523	0	0	0	0	0.016180532305722545	0	0	0	0.982	-0.0503	1.1519207173419774
TARGET-30-PANKFE-01	0.030215133685380747	0	0.07493213287354468	0.09258367977478874	0	0.054223431769449305	0.14188882736651462	0.0010606696837570648	0	0	0	0.04521366178055257	0.10651496644736526	0	0.0017469486197418604	0.42811487439581836	0	0	0.018686588954489734	0.004819084648597008	0	0	0.042	0.21201167420256894	0.9999626491526349
TARGET-30-PANNMS-01	0.10727351283917863	0.010336434247209836	0.039453187145551856	0.28229735227838526	0.021650064195789846	0.011933974250003171	0	0.052083629558961904	0.08562536845385706	0	0	0.10208653998106494	0	0.03673037545257016	0.020043029047351044	0.21787064305591275	0	0	0.0126158894941636	0	0	0	0.03	0.27600873205249715	0.9846172214306939
TARGET-30-PANRHJ-01	0.12755839923356196	0	0.21725951082693915	0.07911874025604629	0	0	0	0.06118367105302659	0	0	0	0.09033457624510612	0.0032609394882773964	0.10001154508765554	0	0.29851695920087307	0	0	0.022755658608513866	0	0	0	0.004	0.4285783394677789	0.9060781690031494
TARGET-30-PANRRW-01	0.008961028121315035	0.0006	0.22248200751267	0.15023766079719447	0.06012660342212324	0	0	0.02779270959766246	0	0.02749767605872669	0	0.046510765633213595	0.04624053719114839	0	0.1469518473394349	0.1892647518665336	0.011187854425213344	0	0	0	0.06211465373939403	0	0.006	0.35744114716060366	0.9413280329948368
TARGET-30-PANRVJ-01	0	0.070849677618543	0.07572010050759384	0	0.034542342135840134	0.04949686154090917	0	0.07383823417689109	0	0	0.03177532025230596	0	0.06217797126175089	0	0.029334115041039246	0.315269100751788	0.0289099638466047	0	0	0.22214528048232882	0.00594103238440516	0	0.43	0.026567213946626554	1.0794023626408398
TARGET-30-PANUIF-01	0	0.03455291677361045	0.006016627049079942	0.02999863311232186	0	0	0	0.03901462434747788	0.036371848715140126	0	0.06164603545530251	0	0	0.24215107353585297	0	0.42457499256470416	0	0	0	0.1256732484465101	0	0	0.04	0.23344447558428186	1.0226976100989
TARGET-30-PANWRR-01	0	0.2559892256606006	0.17197587951791388	0.03491556997060867	0.3183577336876633	0	0	0.004336718593847971	0	0	0.05766997909484911	0	0.015953220760363533	0	0	0.10650094386868002	0	0	0.0343007288454729	0	0	0	0.018	0.32819117723185937	0.967911774777868
TARGET-30-PANYGR-01	0	0.06797038491587586	0.027330002603115064	0.0476210484949852	0.04711559384555085	0	0	0	0.03634459863152855	0	0.10975285988489275	0	0.08226756702506588	0.20172369531918807	0.02697797534438687	0.2608049609134314	0	0	0	0.0920913130219795	0	0	0.098	0.12652021489103935	1.0450733518376016
TARGET-30-PANZPV-01	0.051079880488899276	0	0.2684000718971437	0.09634164672707189	0	0.03305137966968733	0	0.08753935501234933	0.010242083426682844	0	0	0.09410502429535152	0.016680750210340857	0	0.002902736734144012	0.27018767431182483	0	0	0	0.06946939722650443	0	0	0.006	0.4018988606187165	0.9209407131838236
TARGET-30-PANZVU-01	0.1284856575285764	0.07311345824240377	0.06064958719192454	0.10173179468541314	0.11522406604672207	0.11189808088827076	0	0	0	0	0.04523323752586245	0	0.0010062166333173882	0.08315790395162614	0	0.19725211954459718	0.0031953301092920786	0.0014127470362651862	0.009230542332525252	0.06840925828320357	0	0	0.006	0.36162482147411634	0.9352568072422328
TARGET-30-PAPBGH-01	0	0.049879981315081534	0.052169087706886	0.15238582485165603	0	0.008806544451055899	0	0.1535935694555549	0	0	0	0.16539323550368085	0.02620136421290396	0	0	0.07302330920408187	0	0	0	0.2699759619874239	0.04857112131167503	0	0.982	-0.0486	1.1693767526452938
TARGET-30-PAPBZI-01	0.23555362135033445	0	0.19433666926533288	0.05618284964823923	0	0.06589794006529165	0	0.0036754951662177795	0.06998888599185968	0	0	0.046783690664185106	0.006487466773142785	0.17652334332053224	0.020261558868636093	0.12287650721369775	0	0	0.0014319716725303495	0	0	0	0.024	0.2948110953586578	0.9870112203543049
TARGET-30-PAPEAV-01	0	0.06947621379303169	0.028131920295303	0.025269089363762817	0	0	0	0.01444420125897127	0.0274063338175635	0	0.034158259471369766	0.020125013080170517	0	0.20829811137467663	0	0.5132106360617711	0	0.029334556851882073	0	0.03014566463149774	0	0	0.08	0.14724568400591026	1.0693035011859984
TARGET-30-PAPHPE-01	0	0.0032362168256193174	0.0015892622643265675	0.030294662380005114	0	0.17538952335797378	0	0.11010460546015692	0.013218750792853463	0	0.012892437210945977	0.11497370799827546	0.09331735279611508	0	0.011275054982926793	0.29977192341783937	0.01577877701607448	0	0	0.024834890810276247	0.09332283468661133	0	0.944	-0.0391	1.1109403241393052
TARGET-30-PAPKXS-01	0.02618230724861228	0.024002997608237236	0.24806527403179646	0	0.021656187519062533	0.1285970388120338	0	0.07362814625072091	0.026007441926379726	0	0	0.09732153960709874	0.02128352024263991	0.21193765086394342	0.023475242017737076	0.055818144225050444	0	0	0	0.04202450964668743	0	0	0.11	0.11576202998226989	1.064798480660798
TARGET-30-PAPLSD-01	0.038772208156243985	0	0.18374019943594727	0.04360368977780292	0.01699205642504722	0.013048375145032255	0	0.02721082343087139	0	0	0	0.0470420763455672	0	0.1161453947882545	0.0063268930580630866	0.5071182834371702	0	0	0	0	0	0	0.002	0.46267636008601853	0.8878985875400199
TARGET-30-PAPUAR-01	0.18625671047748543	0.1300356670718916	0.040698290735772545	0.13374178718998417	0.09568099722993266	0.031352790161465006	0	0.04647996723354478	0.07213094621137357	0	0	0.033336608984961366	0	0.04840887419884644	0.010455545496693294	0.16801407669884616	0	0	0	0.0034077383092029163	0	0	0.002	0.4948881194998577	0.8681230167328045
TARGET-30-PAPUEB-01	0.3851279425748388	0.02857747663147155	0	0.1467720261571157	0	0	0	0.2003905793662267	0.03867104691451131	0	0	0.05251604934505615	0.023342473778453575	0.010023623948075046	0	0.1014013135634641	0	0	0.013177467720787086	0	0	0	0	0.5063714041916451	0.865878790341062
TARGET-30-PAPUWY-01	0.051825579148801794	0	0.055084488345958645	0.1690966477135229	0	0	0	0.04692631076987941	0.013975016071160504	0	0	0.08902691571861755	0.07977275983010712	0.03238765801706265	0.24116115310716935	0.17080995053110473	0.010055475371463904	0	0.03987804537515149	0	0	0	0.04	0.22258743985921284	1.0222903188714016
TARGET-30-PAPVFD-01	0.1317245337241155	0.06850673851335867	0.03346170898834637	0.17754042483807508	0.2330678498902033	0	0	0.0022552588908465693	0.04718863490789991	0	0.03819612172945798	0	0.02996855901950477	0.04530208863454118	0.021234616585118618	0.17155346427853205	0	0	0	0	0	0	0.046	0.20586638909616542	1.014889600033733
TARGET-30-PAPVXS-01	0.0026374165596574897	0	0.16670485953559203	0.06073252250143203	0	0.10082133584894978	0.05199132020890383	0.02647701581387122	0	0	0.04819450174247589	0.022232253167686844	0.04383848375996572	0.025716338748839388	0.25311349735091543	0.1742526144268445	0.005372487833560768	0	0	0.017915352501305055	0	0	0.018	0.3123855749880094	0.97686474470315
TARGET-30-PARACS-01	0	0.035959100799794	0.22015249835425593	0.11885014062077855	0	0.045556056407099095	0	0.2361642238451936	0	0	0	0.03171968798973233	0	0.06686777585544847	0.07029758195477519	0.10185733548547121	0.019433950680354167	0	0	0.053141648007097524	0	0	0.04	0.2247484678527501	1.006799521444949
TARGET-30-PARBGP-01	0.0770035897037771	0.11763000655499058	0.08390070570916734	0.10125117585617752	0.06289745331174167	0	0	0.013818844963297576	0.027358194054961975	0	0	0.052363418408425316	0	0.11915212846512281	0.03490446950412144	0.2990782625245984	0	0	0.0106417509436183	0	0	0	0.006	0.3791862351560074	0.9275423335080807
TARGET-30-PARDIW-01	0.11801867691709556	0.056860975315371896	0.05523519911842378	0.14649155860456003	0	0.014668004780598015	0	0.11946043705684123	0.03049815505441852	0	0	0.07781139736620764	0.03129261241449075	0.151665625946924	0.002046565791327499	0.18722602837259011	0	0	0.008724763261151016	0	0	0	0.046	0.20331178732187546	1.0102591667081657
TARGET-30-PARFWB-01	0	0.10849945348536326	0.13225938661960798	0.05264618106203023	0.04893089668402015	0	0	0.09942821486554342	0.04427521581936295	0	0	0.058657863113893004	0	0.07209599388043358	0.006979094611911646	0.1482351786211288	0.1436662060942987	0	0	0.0842792374372562	0	0	0.008	0.3499292768688285	0.9384162475837784
TARGET-30-PARGKK-01	0	0.004947957195533206	0.002342798394720851	0.039175373890179215	0.13648887454873126	0	0	0.01694518312588081	0	0	0.08619826379885445	0	0.05464706292275347	0	0	0.5538727846306547	0	0.043287231957832684	0.06209446953485937	0	0	0	0.738	-0.0135	1.1117333406654955
TARGET-30-PARHAM-01	0	0.04151623979468605	0.03405998959509504	0	0	0.25578485303270776	0	0.043381264534870616	0	0	0	0.16408114782570765	0.04656188555852984	0	0	0.3808823151745397	0	0	0.03373230448386336	0	0	0	0.982	-0.0501	1.1248383941044378
TARGET-30-PARHAM-02	0.1167844158805626	0	0.1493139402981439	0	0.01041390774961431	0	0.29715493785339714	0	0	0	0	0.06797409612863395	0.0065789616885445325	0	0	0.33543520592880616	0	0	0.0163445344722974	0	0	0	0.1	0.12349240930434115	1.0455884134707425
TARGET-30-PARKGJ-01	0	0.014874454187408896	0.013223112318203842	0	0	0.026933736484984226	0	0.026130831850217525	0.004048745979082345	0	0.025992761438968538	0	0.0842981609413449	0.019628120213447765	0	0.423042351659682	0.14199009600729007	0	0	0.17788687145251247	0.04195075746685733	0	0.002	0.45140809117840297	0.8934193873170324
TARGET-30-PARSBI-01	0.05251711595026078	0.0504598003474428	0.015758994877458608	0.04071125429665502	0	0	0	0.046373101950275386	0.04459760432428223	0	0.10106651412879386	0	0	0.27766157777302547	0.020180801325972417	0.288769889834243	0.009188802902000906	0	0	0.05271454228958945	0	0	0.03	0.27793820795360424	0.9841653035147904
TARGET-30-PARYNK-01	0.01238353411097003	0	0.1804329321026431	0.25993509307747464	0	0.053330603348372654	0	0.11568522954713142	0.04180855919954495	0	0	0.026966662573613062	0.003268088730470846	0.009170070754013266	0.1987216822652813	0.028080214172335336	0.06903284270785183	0	0	0.001184487410297544	0	0	0.022	0.29898147389104024	0.9862868519297239
TARGET-30-PARZIP-01	0.1707571039504278	0.11242761356157434	0.09260346020889605	0.2299685546219671	0	0	0	0.13067627993600622	0.07962276958121513	0	0.01247284665754644	0.0036801234459133197	0.02317418066642638	0.010170895129195903	0.034104457853032455	0.0876363894042717	0.004323018013687391	0	0	0.008382306969839796	0	0	0.004	0.41553161061174476	0.9172307612785128
TARGET-30-PASFGG-01	0.05208292302137503	0.04548785553136381	0.023363533869359288	0.16922732642693172	0.10495237947088207	0	0	0.07019975059514592	0.10335451483342836	0	0	0.02584920856399082	0.0535808162491595	0.08572264172757889	0.030138594097438565	0.20709163240597017	0	0	0	0.02894882320737587	0	0	0.01	0.33637301914726425	0.9459998926655275
TARGET-30-PASMNT-01	0	0.034695734633341864	0.3594235698237371	0.024250665696496945	0.05604215782253854	0	0	0.003691585186021405	0	0	0	0.08012330493413995	0.01907218485715306	0	0	0.3132529923627229	0.040878612899038665	0	0	0.06856919178480958	0	0	0.002	0.44401537934358337	0.9045541852050003
TARGET-30-PASNEF-01	0.13756613064630352	0.0022683495338393783	0.15815721630548096	0.09976531058180246	0.010428043701693444	0	0	0.09878935781021109	0.02734453309943333	0	0	0.04602943145184652	0	0.17733210310195824	0	0.23453366271378506	0	0	0.007785861053646029	0	0	0	0.006	0.36554664179243795	0.9372496802692514
TARGET-30-PASPER-01	0	0.021504549131157357	0.21162818361790459	0.041753193690413276	0	0.04338726962607015	0	0.08398634145310707	0	0	0	0.05847845202200128	0.11361241638772204	0.09797788191974809	0	0.26808389982865694	0	0.02718492436393261	0	0.032402887959286586	0	0	0.022	0.29861798894478014	0.9659793236196721
TARGET-30-PASRFS-01	0.34721131893625984	0.14059075600236576	0.12849772383022257	0.04191522560885205	0.034253395560055376	0.0020272085537729467	0	0.04540346040068546	0.012221407890514931	0	0	0.022789829112406	0.028741525456481797	0	0.014032785654405576	0.1698618983314704	0	0	0.012453464662507413	0	0	0	0	0.7065240127007301	0.7082802512432399
TARGET-30-PASSRS-01	0	0.044871880025359245	0.05240642362569734	0	0.14590058914043347	0	0	0.17769703876806253	0	0	0	0.22026843010794273	0	0	0	0.30614345748077587	0	0	0	0.0527121808517288	0	0	0.986	-0.0546	1.1479219525983573
TARGET-30-PASTCN-01	0.03290280875934399	0.09555922754047518	0.08582146545372396	0.24521350018880148	0.05129020479614548	0	0	0.06284508807669914	0.1128756124423283	0	0	0.027525398604981342	0	0.04777184326986305	0.00133928160370954	0.23685556926392856	0	0	0	0	0	0	0.04	0.2414856354323917	0.996897369258445
TARGET-30-PASTKC-01	0.05295710180714614	0	0.19595521948967995	0.047098533827078105	0	0.08097746217004469	0	0.11438444948262894	0	0	0	0.05839934434379221	0.0230717297588099	0	0.0861789761915142	0.28318693033919595	0	0	0	0.05779025259010989	0	0	0.006	0.3596535332636469	0.9368201403743677
TARGET-30-PASUCB-01	0	0.22040485158200782	0.06507202397150742	0	0.014489960008073226	0.1609973364118902	0	0.017102648080886417	0	0	0.07801829299666257	0.09280573233695427	0.09408823935649399	0	0	0.19030976567611213	0	0	0.06671114957941193	0	0	0	1.0	-0.0796	1.1268913577049426
TARGET-30-PASUYG-01	0	0.014917038624249097	0.5213897604388893	0.033299104420589525	0.10183722327853525	0	0	0.0509730025101764	0	0	0.0026151321962198048	0.03509878858694396	0.05430258285019787	0	0.011626625659944404	0.156103975423819	0	0	0.017836766010435372	0	0	0	0	0.5609613368284045	0.8419750173786075
TARGET-30-PASWIJ-01	0.14194810066967065	0	0.10317063674359651	0.18667166531477775	0.04031306125242111	0	0	0.08186861016380134	0.09362570156698792	0	0	0.04173047037597221	0.018938055316266956	0	0.017044635786229008	0.21863511741061492	0.03574958754670537	0	0.02030435785295635	0	0	0	0.018	0.3167549144669646	0.9573772086848515
TARGET-30-PASXHE-01	0	0.023440738823341536	0.2020287198635106	0.08114059383993852	0	0.07908301840412302	0	0.16010917876975952	0	0	0	0.0304569232580377	0	0.05471682163211741	0.061345628591211405	0.2592067273866981	0	0	0	0.04847164943126218	0	0	0.008	0.3389038247855255	0.9462890880799414
TARGET-30-PASXRJ-01	0.3230026919919223	0.14315279727481495	0.019510281935707592	0.10162652140272034	0	0.008715364694665793	0	0.13258347026276318	0.039151574527680505	0	0	0.03975578569915537	0	0.055865660805521446	0.001245721430691943	0.10663558770475545	0	0	0.028754542269601266	0	0	0	0	0.6440263082177611	0.7662570216818669
TARGET-30-PASYPX-01	0.16746271784982103	0.01392422413361175	0.029390327441548438	0.21321652351329629	0.05492022976191275	0	0	0.05474584696236026	0.094826288272647	0	0	0.054265097345702985	0.025848010803474205	0.004662409089209159	0.00845112859418847	0.19779010350275114	0	0.011571752640450428	0.06892534008902612	0	0	0	0.018	0.32141824395581275	0.95505198385944
TARGET-30-PATCFL-01	0	0.016137183161488104	0.20597577384360605	0.1154300330946275	0.007192833406349579	0.00720381301987944	0	0.02579054177745575	0.019493749397818155	0	0	0.09124609973888427	0	0	0.009915387177503907	0.4467889032583528	0.03625662051794737	0	0.01856906160608698	0	0	0	0.064	0.16233281730200405	1.0357008354544888
TARGET-30-PATDXC-01	0.1667324097631858	0	0.03323456731264063	0.16631735663234437	0.08427221673899855	0	0.017169006016441186	0.0595869161833296	0.05224036370781514	0	0	0.016018327444307503	0.015426409624736489	0.11587375018930014	0	0.16721272614291136	0	0.008390020213879188	0.09752593003011004	0	0	0	0.006	0.3980795588295966	0.9165151890360832
TARGET-30-PATFCY-01	0.06227702024835771	0	0.2862451815844743	0.05760099211551332	0.03848141155003431	0.02434675533943131	0	0	0.0397921893063257	0	0	0.051583274231344685	0	0.002184758494350055	0	0.42361441289492313	0	0	0.013874004235245433	0	0	0	0.056	0.1859861741515944	1.0420860077606482
TARGET-30-PATGLU-01	0	0.028838168830593452	0.20173210655076548	0.1657043869277669	0.0032677496486891717	0	0	0.08081230476442236	0.03826896039340439	0	0	0.09623097063607221	0.0417077499521305	0.0004	0.1316905582894892	0.18776060660626398	0	0	0	0.023628276538604998	0	0	0.014	0.33397635595421354	0.9547085568676322
TARGET-30-PATHVK-01	0	0.07951987460323849	0.03446276775952427	0.005606908570251118	0	0.04517575767397419	0	0.03264210860163505	0	0	0.0863266643858856	0	0	0.3139262687177919	0	0.33519552111162154	0	0	0	0.06714412857607784	0	0	0.008	0.35493277103165644	0.9525375162669093
TARGET-30-PATINJ-01	0	0.011081995507282522	0.042824556996931225	0.26985318904754446	0.024574260761015952	0	0	0.08290273497763867	0.07053464836714828	0	0	0.04554827761516377	0.013097751905512378	0.10363901462634383	0.0007	0.3352437306373706	0	0	0	0	0	0	0.116	0.10534510302653498	1.0604968237429182
TARGET-30-PATNKP-02	0	0.07536747833787473	0.07033073356809767	0	0	0.35352926979455446	0	0.001503494995110739	0	0	0	0.12063107819410987	0.02112607213078573	0.01743260986244281	0	0.26832375625626737	0	0.05329606332122318	0.018459443539533476	0	0	0	1.0	-0.1208	1.1407375546786913
TARGET-30-PATYIL-01	0	0.04041128000523144	0.035268889119408356	0.06757784734868263	0	0.10708251470349785	0	0	0.095435521634487	0	0.08267895379110438	0.0012172946729255318	0.0363558148975299	0.3616479968628116	0.006261249366321044	0.07217301946968496	0	0	0	0.09388961812831538	0	0	0.676	-0.0064	1.1193597146800986
TARGET-30-PATYIL-02	0.003938064002384153	0	0	0	0	0	0	0.0008	0.03867100912852335	0	0.0764151444988462	0	0	0.3234051940163118	0	0.4901442912948111	0	0	0	0.0666225274657679	0	0	0.056	0.18577352013787304	1.0807490095397292
